calibration:
    fx: 912.321105957031
    fy: 911.864379882812
    cx: 627.616943359375
    cy: 385.886199951172
    bf: auto